   1.1692705e-02
   2.6490250e+00
   8.7195044e-01
  -7.9225264e-01
  -1.2740560e-02
  -1.2200538e-01
  -4.0427284e-03
  -4.2701462e-02
  -1.8330123e-03
  -2.0049423e-02
  -9.8978059e-04
  -1.1052236e-02
  -5.9574862e-04
  -6.7516273e-03
  -3.8653659e-04
  -4.4316409e-03
  -2.6506264e-04
  -3.0678620e-03
  -1.8967291e-04
  -2.2128524e-03
  -1.4039938e-04
  -1.6492206e-03
  -1.0683240e-04
  -1.2623989e-03
  -8.3174931e-05
  -9.8799798e-04
  -6.6021375e-05
  -7.8788812e-04
  -5.3280405e-05
  -6.3848945e-04
  -4.3618928e-05
  -5.2467634e-04
  -3.6159604e-05
  -4.3643765e-04
  -3.0308855e-05
  -3.6696523e-04
  -2.5655258e-05
  -3.1151810e-04
  -2.1907500e-05
  -2.6672516e-04
  -1.8855355e-05
  -2.3014468e-04
  -1.6344500e-05
  -1.9997924e-04
  -1.4259868e-05
  -1.7488804e-04
  -1.2514351e-05
  -1.5386670e-04
  -1.1040723e-05
  -1.3624995e-04
